     1.00000    0.25102
     0.99102    0.22674
     0.97924    0.19316
     0.96589    0.15979
     0.95107    0.12719
     0.93503    0.09636
     0.91808    0.06798
     0.90049    0.04183
     0.88249    0.01779
     0.86423   -0.00413
     0.84582   -0.02489
     0.82732   -0.04437
     0.80875   -0.06249
     0.79015   -0.08013
     0.77152   -0.09678
     0.75288   -0.11313
     0.73424   -0.12892
     0.71559   -0.14443
     0.69694   -0.15961
     0.67830   -0.17456
     0.65968   -0.18941
     0.64106   -0.20400
     0.62246   -0.21858
     0.60388   -0.23286
     0.58533   -0.24714
     0.56681   -0.26067
     0.54832   -0.27415
     0.52986   -0.28676
     0.51145   -0.29906
     0.49308   -0.31274
     0.47477   -0.33662
     0.45651   -0.38441
     0.43831   -0.41109
     0.42018   -0.42137
     0.40212   -0.43455
     0.38415   -0.44944
     0.36627   -0.46534
     0.34849   -0.48225
     0.33083   -0.49994
     0.31330   -0.51832
     0.29592   -0.53743
     0.27872   -0.55751
     0.26172   -0.57825
     0.24498   -0.60051
     0.22856   -0.62435
     0.21254   -0.65092
     0.19702   -0.68110
     0.18212   -0.71473
     0.16791   -0.74704
     0.15441   -0.77495
     0.14160   -0.79607
     0.12949   -0.80808
     0.11806   -0.80992
     0.10730   -0.80060
     0.09723   -0.78018
     0.08782   -0.74859
     0.07908   -0.70722
     0.07100   -0.65573
     0.06355   -0.59700
     0.05673   -0.53086
     0.05048   -0.45958
     0.04479   -0.38380
     0.03962   -0.30544
     0.03491   -0.22334
     0.03064   -0.14033
     0.02677   -0.05589
     0.02327    0.02967
     0.02009    0.11606
     0.01721    0.20289
     0.01462    0.28972
     0.01227    0.37672
     0.01017    0.46320
     0.00829    0.54962
     0.00661    0.63254
     0.00514    0.71390
     0.00386    0.79044
     0.00277    0.85919
     0.00186    0.91934
     0.00113    0.96519
     0.00058    0.99318
     0.00022    0.99916
     0.00003    0.97935
     0.00002    0.92976
     0.00018    0.84640
     0.00056    0.72559
     0.00117    0.56811
     0.00203    0.38831
     0.00316    0.20058
     0.00454    0.03002
     0.00618   -0.12042
     0.00806   -0.23669
     0.01018   -0.32180
     0.01254   -0.37871
     0.01514   -0.41285
     0.01798   -0.43007
     0.02108   -0.43536
     0.02447   -0.43032
     0.02817   -0.41925
     0.03224   -0.40402
     0.03672   -0.38576
     0.04169   -0.36604
     0.04722   -0.34556
     0.05342   -0.32495
     0.06043   -0.30502
     0.06840   -0.28693
     0.07749   -0.27121
     0.08786   -0.25905
     0.09962   -0.25166
     0.11278   -0.25033
     0.12720   -0.25538
     0.14260   -0.26675
     0.15865   -0.28284
     0.17505   -0.30200
     0.19160   -0.32102
     0.20820   -0.33560
     0.22490   -0.34206
     0.24173   -0.34425
     0.25871   -0.34344
     0.27584   -0.34033
     0.29313   -0.33564
     0.31055   -0.32969
     0.32810   -0.32274
     0.34578   -0.31498
     0.36357   -0.30660
     0.38147   -0.29778
     0.39946   -0.28844
     0.41754   -0.27894
     0.43569   -0.26903
     0.45392   -0.25916
     0.47222   -0.24903
     0.49058   -0.23894
     0.50899   -0.22880
     0.52746   -0.21875
     0.54597   -0.20879
     0.56452   -0.19904
     0.58311   -0.18950
     0.60173   -0.18034
     0.62038   -0.17155
     0.63905   -0.16332
     0.65775   -0.15593
     0.67646   -0.14991
     0.69518   -0.13908
     0.71392   -0.09965
     0.73266   -0.07383
     0.75140   -0.06039
     0.77013   -0.05051
     0.78886   -0.04018
     0.80756   -0.02867
     0.82623   -0.01602
     0.84484   -0.00189
     0.86336    0.01349
     0.88172    0.03084
     0.89983    0.05001
     0.91753    0.07146
     0.93459    0.09533
     0.95073    0.12235
     0.96564    0.15243
     0.97909    0.18573
     0.99095    0.22290
     1.00000    0.25102
