     1.00000    0.17805
     0.97924    0.15405
     0.95107    0.11352
     0.91808    0.05891
     0.88249   -0.00363
     0.84582   -0.06814
     0.80875   -0.13187
     0.77152   -0.19424
     0.73424   -0.25552
     0.69694   -0.31660
     0.65968   -0.37844
     0.62246   -0.44189
     0.58533   -0.50751
     0.54832   -0.57633
     0.51145   -0.64906
     0.47477   -0.72661
     0.43831   -0.81009
     0.40212   -0.90030
     0.36627   -0.99897
     0.33083   -1.10767
     0.29592   -1.22820
     0.26172   -1.36410
     0.22856   -1.51861
     0.19702   -1.69893
     0.16791   -1.92876
     0.14160   -2.42921
     0.11806   -2.54163
     0.09723   -2.69953
     0.07908   -2.85169
     0.06355   -2.96017
     0.05048   -3.02837
     0.03962   -3.06645
     0.03064   -3.08374
     0.02327   -3.08541
     0.01721   -3.07451
     0.01227   -3.04666
     0.00829   -2.99409
     0.00514   -2.90137
     0.00277   -2.74280
     0.00113   -2.48493
     0.00022   -2.10033
     0.00002   -1.59854
     0.00056   -0.97587
     0.00203   -0.26349
     0.00454    0.35727
     0.00806    0.75464
     0.01254    0.94099
     0.01798    0.99793
     0.02447    0.98835
     0.03224    0.94783
     0.04169    0.89368
     0.05342    0.83305
     0.06840    0.76830
     0.08786    0.69894
     0.11278    0.62340
     0.14260    0.54210
     0.17505    0.45893
     0.20820    0.38304
     0.24173    0.32610
     0.27584    0.28137
     0.31055    0.24536
     0.34578    0.21633
     0.38147    0.19273
     0.41754    0.17377
     0.45392    0.15837
     0.49058    0.14611
     0.52746    0.13619
     0.56452    0.12835
     0.60173    0.12222
     0.63905    0.11759
     0.67646    0.11434
     0.71392    0.11256
     0.75140    0.11241
     0.78886    0.11368
     0.82623    0.11746
     0.86336    0.12425
     0.89983    0.13562
     0.93459    0.15169
     0.96564    0.16744
     0.99095    0.17574
