     1.00000    0.23232
     0.99102    0.21530
     0.97924    0.19088
     0.96589    0.16299
     0.95107    0.13234
     0.93503    0.10019
     0.91808    0.06796
     0.90049    0.03640
     0.88249    0.00598
     0.86423   -0.02292
     0.84582   -0.05068
     0.82732   -0.07732
     0.80875   -0.10275
     0.79015   -0.12760
     0.77152   -0.15165
     0.75288   -0.17525
     0.73424   -0.19852
     0.71559   -0.22162
     0.69694   -0.24444
     0.67830   -0.26734
     0.65968   -0.29034
     0.64106   -0.31341
     0.62246   -0.33684
     0.60388   -0.36035
     0.58533   -0.38445
     0.56681   -0.40868
     0.54832   -0.43374
     0.52986   -0.45902
     0.51145   -0.48511
     0.49308   -0.51182
     0.47477   -0.53899
     0.45651   -0.56717
     0.43831   -0.59610
     0.42018   -0.62582
     0.40212   -0.65629
     0.38415   -0.68805
     0.36627   -0.72038
     0.34849   -0.75389
     0.33083   -0.78837
     0.31330   -0.82326
     0.29592   -0.85858
     0.27872   -0.89390
     0.26172   -0.92663
     0.24498   -0.95865
     0.22856   -1.01581
     0.21254   -1.24196
     0.19702   -1.27772
     0.18212   -1.31587
     0.16791   -1.36113
     0.15441   -1.41650
     0.14160   -1.47868
     0.12949   -1.53872
     0.11806   -1.59018
     0.10730   -1.63095
     0.09723   -1.65894
     0.08782   -1.67478
     0.07908   -1.67788
     0.07100   -1.66935
     0.06355   -1.65111
     0.05673   -1.62250
     0.05048   -1.58664
     0.04479   -1.54298
     0.03962   -1.49490
     0.03491   -1.44009
     0.03064   -1.38301
     0.02677   -1.32082
     0.02327   -1.25494
     0.02009   -1.18544
     0.01721   -1.11220
     0.01462   -1.03446
     0.01227   -0.95245
     0.01017   -0.86499
     0.00829   -0.77177
     0.00661   -0.67127
     0.00514   -0.56194
     0.00386   -0.44450
     0.00277   -0.31916
     0.00186   -0.18292
     0.00113   -0.03868
     0.00058    0.11066
     0.00022    0.26540
     0.00003    0.41666
     0.00002    0.56069
     0.00056    0.81627
     0.00117    0.91214
     0.00203    0.97493
     0.00316    0.99954
     0.00454    0.98907
     0.00618    0.95106
     0.00806    0.89693
     0.01018    0.83497
     0.01254    0.77195
     0.01514    0.71183
     0.01798    0.65609
     0.02108    0.60640
     0.02447    0.56213
     0.02817    0.52243
     0.03224    0.48778
     0.03672    0.45666
     0.04169    0.42896
     0.04722    0.40351
     0.05342    0.37992
     0.06043    0.35766
     0.06840    0.33596
     0.07749    0.31355
     0.08786    0.29070
     0.09962    0.26558
     0.11278    0.23837
     0.12720    0.20796
     0.14260    0.17551
     0.15865    0.14105
     0.17505    0.10624
     0.19160    0.07289
     0.20820    0.04411
     0.22490    0.02275
     0.24173    0.00575
     0.25871   -0.00794
     0.27584   -0.01912
     0.29313   -0.02813
     0.31055   -0.03541
     0.32810   -0.04109
     0.34578   -0.04550
     0.36357   -0.04877
     0.38147   -0.05111
     0.39946   -0.05241
     0.41754   -0.05317
     0.43569   -0.05287
     0.45392   -0.05241
     0.47222   -0.05112
     0.49058   -0.04950
     0.50899   -0.04743
     0.52746   -0.04502
     0.54597   -0.04219
     0.58311   -0.03578
     0.60173   -0.03214
     0.62038   -0.02822
     0.63905   -0.02406
     0.65775   -0.01964
     0.67646   -0.01496
     0.69518   -0.00996
     0.71392   -0.00464
     0.73266    0.00107
     0.75140    0.00722
     0.77013    0.01362
     0.78886    0.02064
     0.80756    0.02814
     0.82623    0.03602
     0.84484    0.04413
     0.86336    0.05204
     0.88172    0.05931
     0.89983    0.06548
     0.91753    0.07063
     0.93459    0.07503
     0.95073    0.07865
     0.96564    0.08176
     0.97909    0.10468
     0.99095    0.18338
     1.00000    0.23232
